0 0.85546875 0.17109375 0.0953125 0.134375
0 0.7453125 0.1828125 0.1109375 0.25
0 0.6296875 0.10546875 0.0859375 0.06875
0 0.6625 0.46171875 0.11875 0.2625
0 0.6796875 0.2953125 0.034375 0.0390625
0 0.5359375 0.21328125 0.1109375 0.2390625
0 0.40703125 0.209375 0.1140625 0.2578125
0 0.30390625 0.2203125 0.109375 0.25625
0 0.19921875 0.23046875 0.1171875 0.253125
0 0.87265625 0.4390625 0.1140625 0.253125
0 0.76796875 0.446875 0.1140625 0.253125
0 0.553125 0.4328125 0.0890625 0.0828125
0 0.43203125 0.48125 0.1140625 0.2546875
0 0.32734375 0.478125 0.109375 0.2328125
0 0.221875 0.49453125 0.1140625 0.253125
0 0.12109375 0.42265625 0.0484375 0.0546875
0 0.1296875 0.22109375 0.0265625 0.06875
0 0.0546875 0.18828125 0.021875 0.0328125
0 0.89609375 0.70078125 0.1140625 0.25
0 0.79140625 0.7125 0.109375 0.2453125
0 0.6890625 0.7765625 0.10625 0.153125
0 0.58359375 0.7359375 0.10625 0.246875
0 0.45546875 0.7421875 0.1109375 0.25
0 0.371875 0.6734375 0.0296875 0.059375
0 0.325 0.6609375 0.028125 0.0265625
0 0.346875 0.78125 0.06875 0.065625
0 0.2453125 0.7625 0.11875 0.25625
0 0.1421875 0.76875 0.109375 0.2546875